0.000000000000000000e+00 -9.599999999999996092e+00 1.000000000000000000e+00 1.000000000000000000e+00 1.000000000000000000e+00 1.000000000000000000e+00
1.000000000000000056e-01 -9.599999995790993168e+00 9.950841297394669160e-01 9.901929248140928230e-01 9.901924256804514046e-01 9.901924256739659258e-01
2.000000000000000111e-01 -9.599999991629974971e+00 9.813130185989686893e-01 9.630049971959417920e-01 9.629752474735606693e-01 9.629752412753598279e-01
3.000000000000000444e-01 -9.599999987408040170e+00 9.613794647094925372e-01 9.245517128462830136e-01 9.242507950770355585e-01 9.242504764277974516e-01
4.000000000000000222e-01 -9.599999983239198897e+00 9.390485991519758047e-01 8.832484488682411650e-01 8.818170955223894047e-01 8.818122778499254411e-01
5.000000000000000000e-01 -9.599999979059019140e+00 9.182840461045682634e-01 8.476879562456790529e-01 8.432821575180677875e-01 8.432456807928268017e-01
6.000000000000000888e-01 -9.599999974807014169e+00 9.023775686144057673e-01 8.245770232115732234e-01 8.144614783415269343e-01 8.142861856036396340e-01
7.000000000000000666e-01 -9.599999970635403557e+00 8.933015555108592132e-01 8.172881535423919264e-01 7.986002297198384614e-01 7.979936040904168637e-01
8.000000000000000444e-01 -9.599999966405714957e+00 8.914284550328644974e-01 8.253754273017206433e-01 7.963025506551367760e-01 7.946725877793354709e-01
9.000000000000000222e-01 -9.599999962164911693e+00 8.956517606781664309e-01 8.451067089380716046e-01 8.058627736826879939e-01 8.022930826480325628e-01
1.000000000000000000e+00 -9.599999957986746324e+00 9.038340301065137528e-01 8.707733379285426123e-01 8.238000158915878002e-01 8.172111423596662982e-01
1.100000000000000089e+00 -9.599999953737146541e+00 9.134295453409133625e-01 8.963407143876871430e-01 8.455799430714721066e-01 8.350737093575825165e-01
1.200000000000000178e+00 -9.599999949526626608e+00 9.221013349715578844e-01 9.169507346007403914e-01 8.665409298015884776e-01 8.517752966370695233e-01
1.300000000000000044e+00 -9.599999945350450758e+00 9.281771700868537422e-01 9.298833369882298916e-01 8.828951008586933824e-01 8.642588064423268879e-01
1.400000000000000133e+00 -9.599999941108041668e+00 9.308544451774035666e-01 9.347871738928019703e-01 8.925087327327718700e-01 8.709473639813997137e-01
1.500000000000000000e+00 -9.599999936924913158e+00 9.301466289981428215e-01 9.332268688753087016e-01 8.951644324232586047e-01 8.717198730911089877e-01
1.600000000000000089e+00 -9.599999932747692810e+00 9.266379907441193442e-01 9.277897919410864613e-01 8.922089870421319180e-01 8.675264436264326084e-01
1.700000000000000178e+00 -9.599999928511998348e+00 9.211571796397453049e-01 9.210920898362915388e-01 8.857689859197340754e-01 8.598535759752783392e-01
1.800000000000000044e+00 -9.599999924349038594e+00 9.144839329734817390e-01 9.150021715748286599e-01 8.778928808605731549e-01 8.502354599741609453e-01
1.900000000000000133e+00 -9.599999920156772504e+00 9.071706403144332853e-01 9.102809141069664323e-01 8.699588518859786568e-01 8.399170393022181713e-01
2.000000000000000000e+00 -9.599999915932009742e+00 8.995071841137010082e-01 9.066724024222889700e-01 8.625115851565692271e-01 8.296943965987765290e-01
2.100000000000000089e+00 -9.599999911778619222e+00 8.916040204386752599e-01 9.033275393413953136e-01 8.554773578617366203e-01 8.199254275081616639e-01
2.200000000000000178e+00 -9.599999907565081259e+00 8.835328247388403167e-01 8.993535794852364207e-01 8.485659604035956649e-01 8.106891301188334786e-01
2.300000000000000266e+00 -9.599999903347267605e+00 8.754555075341183823e-01 8.942762985902994455e-01 8.416441369403506734e-01 8.020366098248996600e-01
2.400000000000000355e+00 -9.599999899178893514e+00 8.676895042154751936e-01 8.882676719172069024e-01 8.349354886445852220e-01 7.942287418998841275e-01
2.500000000000000000e+00 -9.599999894939138301e+00 8.606897448053074662e-01 8.820968624412990344e-01 8.290096772922261881e-01 7.878417399001698129e-01
2.600000000000000089e+00 -9.599999890735460895e+00 8.549616278513290091e-01 8.768640447564562956e-01 8.246152190392275205e-01 7.836765966956397156e-01
2.700000000000000178e+00 -9.599999886557995410e+00 8.509424763649569012e-01 8.736408123821507443e-01 8.224545359697932323e-01 7.825116618971852400e-01
2.800000000000000266e+00 -9.599999882304340204e+00 8.488950172154696716e-01 8.731518397909182605e-01 8.229942612564783433e-01 7.848258162610676214e-01
2.900000000000000355e+00 -9.599999878124416242e+00 8.488462169243657929e-01 8.755954370442136092e-01 8.263650518837044601e-01 7.906325715677136046e-01
3.000000000000000000e+00 -9.599999873926380545e+00 8.505847943772117947e-01 8.806368327553234510e-01 8.323573497168382795e-01 7.994915588061557443e-01
3.100000000000000089e+00 -9.599999869681290932e+00 8.537097476562506282e-01 8.875444019951195251e-01 8.404826657506843102e-01 8.106524536568100459e-01
3.200000000000000178e+00 -9.599999865507346186e+00 8.577078876519776962e-01 8.953978334738526002e-01 8.500553640332403349e-01 8.232161586814945586e-01
3.300000000000000266e+00 -9.599999861291475867e+00 8.620345077906095277e-01 9.032887861408354091e-01 8.602600697893874049e-01 8.362200946867849316e-01
3.400000000000000355e+00 -9.599999857061215280e+00 8.661772527810895905e-01 9.104557541393174525e-01 8.701980119214300924e-01 8.486484563133556147e-01
3.500000000000000000e+00 -9.599999852897814989e+00 8.696947982634748442e-01 9.163323602742973195e-01 8.789351172562192005e-01 8.594523174564299151e-01
3.600000000000000089e+00 -9.599999848670357494e+00 8.722336124218212916e-01 9.205252825865581912e-01 8.855836739215108278e-01 8.676603053278426625e-01
3.700000000000000178e+00 -9.599999844471634347e+00 8.735333429795082427e-01 9.227608800799798061e-01 8.894254510458687868e-01 8.725650797490548394e-01
3.800000000000000266e+00 -9.599999840302945842e+00 8.734323324246500153e-01 9.228424729937589888e-01 8.900398223000499653e-01 8.738685873773746060e-01
3.900000000000000355e+00 -9.599999836058088931e+00 8.718803176816545264e-01 9.206458809368198715e-01 8.873719084124911394e-01 8.716647866217551721e-01
4.000000000000000000e+00 -9.599999831867512157e+00 8.689583089826584672e-01 9.161578985489516880e-01 8.816966989691091827e-01 8.662592304638134788e-01
4.100000000000000533e+00 -9.599999827685929077e+00 8.648991297553050295e-01 9.095410347820682695e-01 8.735024930912433927e-01 8.579779993221472445e-01
4.200000000000000178e+00 -9.599999823445932279e+00 8.600983997456929098e-01 9.011955492862385730e-01 8.633821539053260219e-01 8.471585979906459674e-01
4.299999999999999822e+00 -9.599999819279558366e+00 8.551057176631255974e-01 8.917893009438889740e-01 8.520231406523199880e-01 8.343775499275647434e-01
4.400000000000000355e+00 -9.599999815084466093e+00 8.505891284635462846e-01 8.822353727870491102e-01 8.403090165747391094e-01 8.207490947851194818e-01
4.500000000000000000e+00 -9.599999810844979109e+00 8.472716445480590330e-01 8.736123467658156727e-01 8.294366861202354668e-01 8.080172478105118739e-01
4.600000000000000533e+00 -9.599999806680969527e+00 8.458452919369019440e-01 8.670373734619983841e-01 8.209020689420623018e-01 7.982751370469076679e-01
4.700000000000000178e+00 -9.599999802452497732e+00 8.468743092261106220e-01 8.635136438903581180e-01 8.162661425322523812e-01 7.934050229133196019e-01
4.800000000000000711e+00 -9.599999798225105963e+00 8.507030961664968638e-01 8.637790334201036480e-01 8.167541589014311043e-01 7.945309897145919065e-01
4.900000000000000355e+00 -9.599999794051683466e+00 8.573850062604790878e-01 8.681810318433803575e-01 8.228660024926298666e-01 8.017579187289716192e-01
5.000000000000000000e+00 -9.599999789802581063e+00 8.666448114836771133e-01 8.765960597595302550e-01 8.341907463449955706e-01 8.142657504190824458e-01
5.100000000000000533e+00 -9.599999785594302892e+00 8.778817058413614927e-01 8.884019388827111285e-01 8.495052560328243407e-01 8.306131382844743616e-01
5.200000000000000178e+00 -9.599999781413085742e+00 8.902131646909661189e-01 9.025042215637437693e-01 8.670711672141985238e-01 8.490359642442990573e-01
5.300000000000000711e+00 -9.599999777164871517e+00 9.025549576983549205e-01 9.174129008552456277e-01 8.849443786405530865e-01 8.676177908960285290e-01
5.400000000000000355e+00 -9.599999772989709967e+00 9.137300821576517240e-01 9.313659730924468416e-01 9.011493581166625244e-01 8.843534096321612470e-01
5.500000000000000000e+00 -9.599999768806039668e+00 9.225986010124526127e-01 9.424979815175114073e-01 9.137180963239335263e-01 8.972104291332871906e-01
5.600000000000000533e+00 -9.599999764580527284e+00 9.281994453447116600e-01 9.490510619005423365e-01 9.207361043283499580e-01 9.042856397197649443e-01
5.700000000000000178e+00 -9.599999760429358986e+00 9.298924952197463734e-01 9.496198219096079196e-01 9.205591830327637393e-01 9.040906977501004249e-01
5.800000000000000711e+00 -9.599999756238666748e+00 9.274845422956705665e-01 9.434090302724724708e-01 9.122380199620920838e-01 8.959293126155007947e-01
5.900000000000000355e+00 -9.599999752021973976e+00 9.213178473803463886e-01 9.304674908297805302e-01 8.960027584857311878e-01 8.802629115547954131e-01
6.000000000000000000e+00 -9.599999747873273037e+00 9.122978491824162983e-01 9.118481380413125947e-01 8.735574597062396585e-01 8.589167665453119049e-01
6.100000000000000533e+00 -9.599999743654644035e+00 9.018397432920889356e-01 8.896394253116192141e-01 8.479956124493820413e-01 8.349864670819375778e-01
6.200000000000000178e+00 -9.599999739438539237e+00 8.917232053892483190e-01 8.668212596093182176e-01 8.233272217358240663e-01 8.123930483400756408e-01
6.300000000000000711e+00 -9.599999735271667944e+00 8.838597178409217658e-01 8.469222995994838410e-01 8.037730742013243779e-01 7.951768571971423727e-01
6.400000000000000355e+00 -9.599999731016245264e+00 8.799955674831366759e-01 8.334934294493875351e-01 7.930261953108508344e-01 7.867298707068829389e-01
6.500000000000000000e+00 -9.599999726816959011e+00 8.813924316138915804e-01 8.294598498365375328e-01 7.936109157542550196e-01 7.891683448102375653e-01
6.600000000000000533e+00 -9.599999722618520082e+00 8.885425538223250541e-01 8.364621628293715805e-01 8.063866896267093409e-01 8.029523300431661292e-01
6.700000000000000178e+00 -9.599999718351945432e+00 9.009821230640077117e-01 8.543314917539337472e-01 8.302350925181238850e-01 8.267553441154202876e-01
6.800000000000000711e+00 -9.599999714159286768e+00 9.172599855082208542e-01 8.808498365471669755e-01 8.620223845966812348e-01 8.575568154878093763e-01
6.900000000000000355e+00 -9.599999709945066684e+00 9.350964888413899612e-01 9.119128185882361404e-01 8.969518172402594081e-01 8.909653518863692723e-01
7.000000000000000000e+00 -9.599999705704247432e+00 9.517303564310093389e-01 9.421357048875529383e-01 9.293355443672072225e-01 9.218054016924505101e-01
7.100000000000000533e+00 -9.599999701543019626e+00 9.644065259698546555e-01 9.658369451885326917e-01 9.536556047069277842e-01 9.449525397402342985e-01
7.200000000000000178e+00 -9.599999697335061200e+00 9.709158258503669536e-01 9.782215935289836350e-01 9.656572281042536954e-01 9.562983126671859013e-01
7.300000000000000711e+00 -9.599999693141530344e+00 9.700707841587425939e-01 9.765026751034819874e-01 9.632105638712638029e-01 9.536329335354217784e-01
7.400000000000000355e+00 -9.599999688999366398e+00 9.620011165914795770e-01 9.606726079497925896e-01 9.467708222837772913e-01 9.372111865989674051e-01
7.500000000000000000e+00 -9.599999684789917609e+00 9.481821068779103800e-01 9.336877334121325145e-01 9.193705739378719155e-01 9.098250515507302350e-01
7.600000000000000533e+00 -9.599999680598065410e+00 9.311658125212327608e-01 9.009550747306339646e-01 8.861294290511718685e-01 8.763215271038011789e-01
7.700000000000000178e+00 -9.599999676440889473e+00 9.140571678135779310e-01 8.691863903084762200e-01 8.532962330587410271e-01 8.426413170931292829e-01
7.800000000000000711e+00 -9.599999672195178135e+00 8.998465564279221063e-01 8.448652723416917310e-01 8.269264988108909753e-01 8.145792795629256400e-01
7.900000000000000355e+00 -9.599999668007139775e+00 8.907569430186998982e-01 8.327042359619301060e-01 8.114636930459042663e-01 7.965483893021928496e-01
8.000000000000000000e+00 -9.599999663811226824e+00 8.877705480828144147e-01 8.345035087732872725e-01 8.086438521328584983e-01 7.906417246857783132e-01
8.099999999999999645e+00 -9.599999659547982844e+00 8.904606653214426348e-01 8.487392024315273398e-01 8.171343636361538820e-01 7.962273820762710841e-01
8.200000000000001066e+00 -9.599999655368222307e+00 8.971759288540321897e-01 8.710195577913488751e-01 8.330849680271716906e-01 8.101947819380368454e-01
8.300000000000000711e+00 -9.599999651145370905e+00 9.055280203526576699e-01 8.953040973383710188e-01 8.514055602048506977e-01 8.278206781385289981e-01
8.400000000000000355e+00 -9.599999646912007023e+00 9.130480509148284352e-01 9.155547038308355923e-01 8.672916779243731167e-01 8.440611058337958994e-01
8.500000000000000000e+00 -9.599999642745931538e+00 9.178285998653852307e-01 9.273523046825355998e-01 8.774599741950090959e-01 8.549306012638324681e-01
8.599999999999999645e+00 -9.599999638520461787e+00 9.189735775475628143e-01 9.290149918208023827e-01 8.807463206819622359e-01 8.585537919481813773e-01
8.700000000000001066e+00 -9.599999634310997010e+00 9.167359409539013182e-01 9.218973742011680184e-01 8.780215798989476905e-01 8.555308839551696298e-01
8.800000000000000711e+00 -9.599999630149293139e+00 9.123164736276745401e-01 9.097953340243867260e-01 8.716156454254728736e-01 8.484753388153084552e-01
8.900000000000000355e+00 -9.599999625911891599e+00 9.073970279733772903e-01 8.976503990688491363e-01 8.645124550215324000e-01 8.408973612078665116e-01
9.000000000000000000e+00 -9.599999621720915144e+00 9.035585161995407510e-01 8.899592689325964701e-01 8.595194928443874449e-01 8.358735499139182679e-01
9.099999999999999645e+00 -9.599999617545384112e+00 9.017645288051241437e-01 8.893797413529493934e-01 8.585325222035673498e-01 8.350127728094849378e-01
9.200000000000001066e+00 -9.599999613302403034e+00 9.020669115373504132e-01 8.959567544972559805e-01 8.619944056755045603e-01 8.380598215505021820e-01
9.300000000000000711e+00 -9.599999609135297263e+00 9.036178340494007699e-01 9.071925999633572157e-01 8.686815053074203874e-01 8.431766157734088551e-01
9.400000000000000355e+00 -9.599999604945029574e+00 9.049761609264300732e-01 9.189172765813355959e-01 8.759609105242158744e-01 8.476831439483407671e-01
9.500000000000000000e+00 -9.599999600713104542e+00 9.046044255712257787e-01 9.266646081334880547e-01 8.805630828208474981e-01 8.489474807727963590e-01
9.600000000000001421e+00 -9.599999596548901337e+00 9.013951384848366555e-01 9.271077287258314703e-01 8.797033143130386090e-01 8.451734347706931771e-01
9.700000000000001066e+00 -9.599999592342634003e+00 8.950596497595606493e-01 9.191020136943224283e-01 8.721643648445333019e-01 8.359387872751906645e-01
9.800000000000000711e+00 -9.599999588120434524e+00 8.862605938900703917e-01 9.040237421308920940e-01 8.588768516729596847e-01 8.223975234801930156e-01
9.900000000000000355e+00 -9.599999583963491290e+00 8.764536157049269693e-01 8.853290517123002523e-01 8.427014782019782713e-01 8.070822816009516343e-01
